; Основные параметры:
20 ; n - количество узлов в сети связи (влияет на матрицу расстояний и вектор кол-ва абонентов)
0.1 ; y0 - интенсивность удельной абонентской нагрузки (Эрл)
85600 ; a0 - скорость потока для кодека (бит/с)
200 ; L - длина пакета (байт, не бит!)
0.98 ; (98%) q - доля вызовов, обслуженных с гарантированным качеством
0.1 ; T0 - начальное требование к величине задержки (сек)
1 ; оптимизация величины задержки T0: 1 - оптимизировать, 0 - не оптимизировать
10000 ; DC - шаг изменения пропускной способности (чем меньше, тем точнее, но дольше)
10000; ACCURACY - точность (чем больше, тем точнее, но дольше)
; Количество абонентов в каждом узле связи:
6449 7438 3373 9304 2993 9415 6867 8799 3823 2226 8782 1254 7108 7674 2776 8508 1888 2957 8318 1964
; Матрица расстояний:
0 90000000000 40.5 90000000000 90000000000 90000000000 80.1 20.1 90000000000 90000000000 90000000000 90000000000 56.9 90000000000 90000000000 90000000000 90000000000 90000000000 90000000000 90000000000
90000000000 0 90000000000 56.98 90000000000 90000000000 88 49.2 90000000000 57.5 32 11.9 96 43.7 42.7 90000000000 44.3 24.8 90000000000 61.5
40.502 90000000000 0 25.3 22.9 90000000000 45 90000000000 72.5 1.46 90000000000 73.3 90000000000 90000000000 90000000000 90000000000 90000000000 11.2 4.21 73.7
90000000000 57 25.3 0 90000000000 90000000000 84.6 46 90000000000 72.9 61.1 62.8 90000000000 31.8 34.4 90000000000 90000000000 90000000000 32.4 90000000000
90000000000 90000000000 22.9 90000000000 0 76.1 27.1 90000000000 85.8 45.2 90000000000 90000000000 90000000000 58.8 16.5 45.7 33.9 70 94.9 90000000000
90000000000 90000000000 90000000000 90000000000 76.1 0 39.1 90000000000 90000000000 12.4 90000000000 90000000000 8.8 90000000000 17.4 90000000000 90000000000 82.7 84 3.49
80.135 88 45 84.57 27.1 39.6 0 90000000000 90000000000 16.1 90000000000 90000000000 64.9 95.3 24.5 67.4 15.4 86.6 90000000000 3.42
20.125 49.2 90000000000 45.98 90000000000 90000000000 90000000000 0 0.85 88.6 90000000000 90000000000 90000000000 90000000000 34.2 26.1 55 90000000000 90000000000 90000000000
90000000000 90000000000 72.5 90000000000 85.8 90000000000 90000000000 0.85 0 39.6 13.8 13 90000000000 44.2 84.1 90000000000 94.2 31.6 38.1 26.1
90000000000 57.5 1.46 72.87 45.2 12.4 16.1 88.6 39.6 0 90000000000 1.2 90000000000 90000000000 45.3 54.3 90000000000 90000000000 90000000000 90000000000
90000000000 32 90000000000 61.11 90000000000 90000000000 90000000000 90000000000 13.8 90000000000 0 21.2 97 62.8 52.3 75.7 96.6 74.6 90000000000 91.5
90000000000 11.9 73.7 62.81 90000000000 90000000000 90000000000 90000000000 90000000000 1.2 21.2 0 80.4 75.7 90000000000 68.7 90000000000 90000000000 90000000000 90000000000
56.916 96 90000000000 90000000000 90000000000 8.8 64.9 90000000000 90000000000 90000000000 97 80.4 0 90000000000 90000000000 60.8 17.8 6.84 90000000000 90000000000
90000000000 47.3 90000000000 31.8 58.8 90000000000 95.3 90000000000 44.2 90000000000 62.8 75.7 90000000000 0 90000000000 90000000000 95 88.7 90000000000 90000000000
90000000000 42.7 90000000000 34.35 16.5 17.4 24.5 34.2 84.1 45.3 52.3 90000000000 90000000000 90000000000 0 90000000000 90000000000 90000000000 33.6 90000000000
90000000000 90000000000 90000000000 90000000000 45.7 90000000000 67.4 26.1 90000000000 54.3 75.7 68.7 60.8 90000000000 90000000000 0 41.1 90000000000 90000000000 90000000000
90000000000 44.3 90000000000 90000000000 33.9 90000000000 15.4 55 94.2 90000000000 69.6 90000000000 17.8 95 90000000000 41.1 0 90000000000 90000000000 32.3
90000000000 24.8 11.2 90000000000 70 83.7 86.6 90000000000 31.6 90000000000 47.6 90000000000 6.84 88.7 90000000000 90000000000 90000000000 0 90000000000 90000000000
90000000000 90000000000 4.21 32.42 94.9 84 90000000000 90000000000 38.1 90000000000 90000000000 90000000000 90000000000 90000000000 33.6 90000000000 90000000000 90000000000 0 90000000000
90000000000 61.5 73.7 90000000000 90000000000 3.49 3.42 90000000000 26.1 90000000000 91.5 90000000000 90000000000 90000000000 90000000000 90000000000 32.3 90000000000 90000000000 0
